[Players]
iRO GM 80	1 0
iRO GM 77	1 0
iRO GM 19	1 0
iRO GM 74	1 0
iRO GM 78	1 0
iRO GM 88	1 0
GM Anubis	1 0
Support Game Master	1 0
@~ AmAz0N#GaNgStReSS~@	1 0


[ID]
231656 1 0 
1650290 1 0 
1650292 1 0 
1650297 1 0 
1650302 1 0 
1650306 1 0 
1650310 1 0 
1650313 1 0 
1650315 1 0 
1650319 1 0 
1650330 1 0 
1650296 1 0 
1650298 1 0 
1650300 1 0 
1650303 1 0 
231656 1 0 
1650304 1 0 
1650309 1 0 
1650312 1 0 
1650314 1 0 
1650317 1 0 
1650320 1 0 
527214 1 0 
527215 1 0 
4025205 1 0 
4025207 1 0 
4025208 1 0 
4025209 1 0 
4031694 1 0 
100903 1 0 
100909 1 0 
100912 1 0 
100913 1 0 
100915 1 0 
100916 1 0 
100918 1 0 
100920 1 0 
100921 1 0 
100922 1 0 
100924 1 0 
100926 1 0 
100927 1 0 
100929 1 0 
100931 1 0 
100934 1 0 
100935 1 0 
100937 1 0 
100940 1 0 
100943 1 0 
100944 1 0 
100945 1 0 
100946 1 0 
100948 1 0 
100949 1 0 
100950 1 0 
100953 1 0 
100954 1 0 
100956 1 0 
100958 1 0 
100959 1 0 
100960 1 0 
100961 1 0 
100963 1 0 
100964 1 0 
100966 1 0 
100969 1 0 
100970 1 0 
100972 1 0 
100973 1 0 
100977 1 0 
100979 1 0